tree
version=v4
num_class=1
num_tree_per_iteration=1
label_index=0
max_feature_idx=10
objective=binary sigmoid:1
feature_names=frame.number _ws.col.protocol ip.ttl ip.src ip.dst tcp.srcport tcp.dstport tcp.flags _ws.col.info frame.len frame.time_delta_displayed
feature_infos=[1:80105] [0:21] [0:50] [0:53] [0:45] [53:65164] [9:65470] [0:7] [0:50629] [42:1514] [-9.0000000000000006e-05:4.2615170000000004]
tree_sizes=3064 3355 3349 3345 3356 3359 3359 3378 3349

Tree=0
num_leaves=31
num_cat=0
split_feature=3 6 3 1 4 5 3 5 5 6 6 3 8 8 4 4 8 0 0 1 0 9 8 0 0 6 0 0 0 0
split_gain=46739.4 16855.9 16180.5 1930.08 1017.59 962.954 600.31 323.446 259.346 215.087 144 30.6585 79.3855 53.7705 26.2286 21.5312 8.64242 0.201614 0.557576 0.197097 0.602469 0.0852673 0.0995671 7.27596e-12 7.27596e-12 9.09495e-13 4.54747e-13 4.54747e-13 1.13687e-13 2.84217e-14
threshold=26.500000000000004 80.513055909990939 20.500000000000004 14.500000000000002 14.500000000000002 2629.3905437976955 27.500000000000004 57508.500000000007 57509.500000000007 57508.500000000007 57509.500000000007 22.500000000000004 7634.5000000000009 7598.5000000000009 23.500000000000004 18.500000000000004 7910.5000000000009 1954.5000000000002 421.50000000000006 16.500000000000004 9329.5000000000018 85.500000000000014 8565.5000000000018 23572.500000000004 73588.500000000015 80.513055909990939 79185.500000000015 79583.500000000015 74100.500000000015 57684.000000000007
decision_type=2 2 2 2 2 2 2 2 2 2 2 2 2 2 2 2 2 2 2 2 2 2 2 2 2 2 2 2 2 2
left_child=2 5 25 4 16 -2 15 9 -9 19 -11 23 13 -13 -8 17 -3 18 -6 20 -5 22 -19 -4 -21 -1 -25 -26 -23 -16
right_child=1 3 11 7 6 -7 14 8 -10 10 -12 12 -14 -15 29 -17 -18 21 -20 24 -22 28 -24 26 27 -27 -28 -29 -30 -31
leaf_value=0.20001680551509513 -0.19998318256397596 -0.072710459084271511 -0.19998318256397596 0.20001680551509507 0.20001680551509504 0.20001680551509513 0.040016810283466708 -0.19998318256397596 0.20001680551509513 -0.19998318256397596 0.20001680551509513 -0.19998318256397604 -0.19998318256397596 0.20001680551509507 -0.19998318256397596 0.046170656253913957 -0.19998318256397596 0.18096918703513939 0.16001680670718801 0.20001680551509513 0.16001680670718801 0.20001680551509513 0.2000168055150951 -0.19998318256397596 0.20001680551509513 0.20001680551509513 -0.19998318256397596 0.20001680551509513 0.20001680551509513 -0.19998318256397596
leaf_weight=38.25 1346.75 5.4999999999999991 8245.25 15.250000000000002 11.500000000000002 63 4.9999999999999991 36.75 29 22.5 14.999999999999998 4.9999999999999973 39.25 10.25 45.75 9.7499999999999982 178.25 5.2499999999999982 4.9999999999999991 8286 4.9999999999999991 135.5 5.75 744.5 863.25 1103 15.749999999999998 59 30.75 5.2499999999999991
leaf_count=153 5387 22 32981 61 46 252 20 147 116 90 60 20 157 41 183 39 713 21 20 33144 20 542 23 2978 3453 4412 63 236 123 21
internal_value=-3.4624e-05 0.141151 -0.154832 0.187771 -0.016114 -0.182108 0.111385 0.197456 -0.0235573 0.199024 -0.0399832 -0.199531 -0.124754 0.0688693 -0.178555 0.191172 -0.196174 0.198468 0.187896 0.199995 0.19014 0.199453 0.190926 -0.199983 0.200017 0.200017 -0.199983 0.200017 0.200017 -0.199983
internal_weight=21386 11184.8 10201.2 9775 443.25 1409.75 259.5 9331.75 65.75 9266 37.5 9060 54.5 15.25 56 203.5 183.75 193.75 16.5 9228.5 20.25 177.25 11 9005.5 9208.25 1141.25 760.25 922.25 166.25 51
internal_count=85544 44739 40805 39100 1773 5639 1038 37327 263 37064 150 36240 218 61 224 814 735 775 66 36914 81 709 44 36022 36833 4565 3041 3689 665 204
is_linear=0
shrinkage=1


Tree=1
num_leaves=31
num_cat=0
split_feature=3 6 3 5 5 4 4 4 3 5 6 6 3 8 8 10 10 4 4 5 7 0 6 0 0 5 10 6 9 0
split_gain=38266.6 13800.2 13247.5 788.399 250.181 236.525 2068.58 244.807 378.848 214.786 177.267 119.766 25.1009 64.9952 44.0236 1.41127 1.04941 9.18142 1.28931 7.52822 8.27379 0.476938 2.28399 0.0636887 0.444636 0.062098 0.0402459 0.158659 0.0195409 0.0120224
threshold=26.500000000000004 80.513055909990939 20.500000000000004 2629.3905437976955 57508.500000000007 14.500000000000002 12.500000000000002 36.500000000000007 27.500000000000004 57509.500000000007 57508.500000000007 57509.500000000007 22.500000000000004 7634.5000000000009 7598.5000000000009 0.0042119016989252507 0.0010192823085276501 32.500000000000007 18.500000000000004 54698.500000000007 5.5000000000000009 77514.500000000015 749.71290643259783 1954.5000000000002 1478.5000000000002 54696.500000000007 0.0012973202058237001 749.71290643259783 142.50000000000003 77514.500000000015
decision_type=2 2 2 2 2 2 2 2 2 2 2 2 2 2 2 2 2 2 2 2 2 2 2 2 2 2 2 2 2 2
left_child=2 3 -1 -2 5 6 -3 10 15 -6 16 -12 -4 14 -14 25 29 18 21 20 -20 23 -23 24 -18 -9 27 -25 -8 -7
right_child=1 4 12 -5 9 7 28 8 -10 -11 11 -13 13 -15 -16 -17 17 -19 19 -21 -22 22 -24 26 -26 -27 -28 -29 -30 -31
leaf_value=0.18187170209158915 -0.18187444824336099 0.18191442880697117 -0.18187444824336099 0.18187170209158915 -0.18233571649440278 0.18187955629578501 -0.18187444824336099 0.19198243254567759 -0.18187444824336099 0.18187170209158915 -0.18212081981330575 0.18187170209158915 -0.18187444824336108 -0.18187444824336099 0.18187170209158912 0.12890492428416259 0.18199362311334599 0.076979812632546718 0.0257851076467593 0.18188561585341478 0.18187170209158912 0.12291658115830498 0.18187170209158915 0.16175168472997503 0.15539723181341067 0.18187170209158915 0.18189349309681446 0.18187170209158915 -0.18680078413127507 0.1812338133724827
leaf_weight=1129.9112486839294 1333.3740235567093 1166.5640575140715 8916.0570032596588 62.37407112121582 37.134597927331924 7117.8682131171227 171.77679085731506 6.7299493551254264 47.770779013633728 28.711874008178711 22.526429012417793 15.098485469818113 4.9503397941589329 38.860167384147644 10.148162364959717 5.2142938673496237 40.845507502555847 8.9208787083625776 7.1906171143054944 59.652283728122711 6.435420036315918 8.1799520403146726 33.414680957794189 4.9507711976766613 7.4290459156036368 62.37407112121582 491.57587297260761 18.811227798461914 8.4478707760572416 300.49071843922138
leaf_count=4565 5387 4713 36022 252 150 28757 694 27 193 116 91 61 20 157 41 21 165 36 29 241 26 33 135 20 30 252 1986 76 34 1214
internal_value=-4.84688e-05 0.128338 -0.140816 -0.165619 0.170732 0.172063 0.133202 0.178395 0.037841 -0.0235257 0.180502 -0.0360544 -0.181463 -0.113464 0.0626104 0.179071 0.181507 0.177769 0.179094 0.166567 0.099503 0.180611 0.170278 0.181374 0.177901 0.182856 0.181699 0.17768 -0.182105 0.181853
internal_weight=21173.8 11073.9 10099.9 1395.75 9678.11 9612.27 1346.79 8265.48 122.089 65.8465 8143.39 37.6249 8970.02 53.9587 15.0985 74.3183 8105.77 687.406 678.485 73.2783 13.626 605.207 41.5946 563.612 48.2746 69.104 515.338 23.762 180.225 7418.36
internal_count=85544 44739 40805 5639 39100 38834 5441 33393 493 266 32900 152 36240 218 61 300 32748 2777 2741 296 55 2445 168 2277 195 279 2082 96 728 29971
is_linear=0
shrinkage=0.1


Tree=2
num_leaves=31
num_cat=0
split_feature=3 3 7 5 1 4 3 5 5 8 3 8 8 0 4 10 4 1 0 0 3 3 9 5 0 10 1 0 9 10
split_gain=31901.9 11044.5 10441.4 1720.02 1315 693.716 415.3 198.236 167.098 95.1659 20.9268 54.1869 36.7028 18.1953 16.7715 20.5787 16.3427 11.721 8.82844 26.6368 35.6896 43.8541 3.84644 14.0226 0.181816 0.570054 0.162824 0.487865 0.0779144 0.113423
threshold=26.500000000000004 20.500000000000004 1.0000000180025095e-35 2629.3905437976955 14.500000000000002 14.500000000000002 27.500000000000004 57508.500000000007 57509.500000000007 50175.500000000007 22.500000000000004 7634.5000000000009 7598.5000000000009 77985.500000000015 18.500000000000004 0.00097777554967380035 23.500000000000004 2.5000000000000004 78460.500000000015 78694.500000000015 30.500000000000004 37.500000000000007 64.500000000000014 57399.500000000007 1954.5000000000002 0.0055569563579464512 16.500000000000004 8351.5000000000018 85.500000000000014 0.00031316886559275005
decision_type=2 2 2 2 2 2 2 2 2 2 2 2 2 2 2 2 2 2 2 2 2 2 2 2 2 2 2 2 2 2
left_child=1 -1 3 -2 5 17 14 9 -9 18 -3 12 -12 -5 24 -16 -8 -4 26 20 -20 -22 23 -21 25 -7 27 -6 29 -26
right_child=2 10 4 13 7 6 16 8 -10 -11 11 -13 -14 -15 15 -17 -18 -19 19 22 21 -23 -24 -25 28 -27 -28 -29 -30 -31
leaf_value=0.16825712341525911 -0.16825922375172001 -0.16825922375172001 -0.16833969721521369 0.1683117994261886 0.16859454743213698 0.16914923474423946 0.021405438323592041 -0.16822774479354929 0.16825712341525911 -0.16824240801531229 -0.16825922375172009 -0.16825922375172001 0.16825712341525911 -0.024010076779787323 0.17829161051313419 -0.11008211673584278 -0.16924499255051931 -0.011758379402373221 0.16833374877270191 -0.0067062991946080543 -0.16824240801531223 0.16829731488658531 0.16835460119055465 0.16829485734330679 0.16897054263999456 0.12801870224371087 0.1682696421802827 0.13256111070073751 0.16837752820872512 0.14822338678238234
leaf_weight=1100.6312198936939 1298.8247157335281 8685.0313551425934 172.90053875744343 173.37381707131863 14.235925167798998 11.115945011377333 4.9477849453687659 32.546144127845764 27.003438472747803 8.4382313489913923 4.8220705986022923 37.853254199028015 9.8851872980594635 5.0629387497901908 4.9243824332952482 4.9742822647094727 49.266943082213402 4.9165584444999686 16.639428123831749 6.0275707542896297 10.125877618789675 6.2693513035774222 159.89078757166862 19.049053609371185 5.7974799275398237 4.8354920744895926 8573.587571054697 5.1047504693269721 163.03436325490475 4.8305731117725372
leaf_count=4565 5387 36022 717 719 59 46 20 135 112 35 20 157 41 21 20 20 204 20 69 25 42 26 663 79 24 20 35559 21 676 20
internal_value=-4.4993e-05 -0.130274 0.118722 -0.128264 0.15791 -0.0125584 0.0935821 0.166196 -0.0156448 0.167423 -0.167879 -0.10497 0.0579235 0.162855 0.160274 0.0333779 -0.151846 -0.16401 0.167745 0.147871 0.0651585 -0.0395534 0.162644 0.126231 0.166898 0.156681 0.168249 0.159084 0.167837 0.159541
internal_weight=20625.9 9838.22 10787.7 1477.26 9310.46 431.544 253.727 8878.92 59.5496 8819.37 8737.59 52.5605 14.7073 178.437 199.513 9.89866 54.2147 177.817 8810.93 218.002 33.0347 16.3952 184.967 25.0766 189.614 15.9514 8592.93 19.3407 173.662 10.6281
internal_count=85544 40805 44739 6127 38612 1787 1050 36825 247 36578 36240 218 61 740 826 40 224 737 36543 904 137 68 767 104 786 66 35639 80 720 44
is_linear=0
shrinkage=0.1


Tree=3
num_leaves=31
num_cat=0
split_feature=2 5 1 4 4 0 3 3 2 9 9 1 9 0 9 0 10 1 0 9 1 2 9 10 2 3 10 3 9 9
split_gain=36959.2 7969.36 1439.42 508.276 541.035 209.321 166.83 1321.22 94.512 37.0536 29.546 10.4507 10.0863 7.58967 1.1237 0.157486 0.518914 0.151434 0.502163 0.123793 0.139724 0.101226 0.073602 0.103868 0.029626 0.00961795 0.00830478 0.020075 0.0166141 0.00522151
threshold=46.500000000000007 57508.500000000007 14.500000000000002 14.500000000000002 15.500000000000002 78694.500000000015 26.500000000000004 21.500000000000004 48.500000000000007 86.500000000000014 73.500000000000014 3.5000000000000004 110.50000000000001 73057.500000000015 73.500000000000014 1954.5000000000002 0.0055569563579464512 16.500000000000004 22690.500000000004 529.50000000000011 16.500000000000004 39.500000000000007 85.500000000000014 0.00031316886559275005 18.500000000000004 30.500000000000004 0.013260307532488901 26.500000000000004 331.00000000000006 60.500000000000007
decision_type=2 2 2 2 2 2 2 2 2 2 2 2 2 2 2 2 2 2 2 2 2 2 2 2 2 2 2 2 2 2
left_child=1 2 3 11 15 10 7 -4 19 -6 -3 -1 -12 24 -7 16 -5 18 -8 25 -21 22 23 -17 -11 -2 -26 -28 -29 -27
right_child=8 5 6 4 9 14 17 -9 -10 13 12 -13 -14 -15 -16 21 -18 -19 -20 20 -22 -23 -24 -25 26 29 27 28 -30 -31
leaf_value=-0.15775950857178922 -0.15768824520541444 -0.15770934406436293 0.15768658311131858 0.1583902686883637 0.13208867687190887 0.10783311947110522 0.1580838763799966 -0.15768824520541444 0.15768658311131858 -0.16542901004068666 0.12496654065084903 -0.0098523975736700322 -0.082776421049852528 -0.029333775356168379 0.15852388223903743 0.15824835872415755 0.11854861153719019 0.15770287299537869 0.1205458659478838 -0.18125757814173604 -0.15767500184027539 0.14446493584755254 0.15778179140974849 0.13804438482606193 -0.1578172457005837 -0.16243541549948765 -0.15768824520541441 -0.15965811754647083 -0.1673716605736798 -0.15871348780055178
leaf_weight=182.6323529779911 8486.8053832799196 982.13394521176815 1055.593528598547 10.704693034291266 4.832799866795539 5.8100289851427105 14.407135114073755 151.96023963391781 9.5119416862726194 6.8601397126913062 4.6660558283328992 4.9054240286350241 4.6824205070734024 4.7588658779859534 17.682706609368324 5.5821435749530774 4.70626476407051 8613.9461747556925 4.734928458929061 4.7481569647788984 5.3356797397136688 6.436018928885459 156.89511857926846 4.6759889423847198 50.593263015151024 6.1372216939926139 15.776024878025057 6.0482101291418058 5.187150314450264 9.7693194448947889
leaf_count=787 36581 4233 4550 46 20 25 62 655 41 29 20 20 20 20 76 24 20 37127 20 20 23 27 676 20 218 26 68 26 22 42
internal_value=-4.22025e-05 0.118326 0.144643 -0.0262119 0.0583811 -0.149035 0.152814 0.117999 -0.157354 -0.137599 -0.156025 -0.153891 0.0209132 -0.152207 0.145987 0.155911 0.146223 0.157683 0.148799 -0.157706 -0.168779 0.156771 0.157245 0.149039 -0.15913 -0.157693 -0.158573 -0.159989 -0.163219 -0.16015
internal_weight=19848.5 11326.2 10311.2 470.594 283.057 1014.98 9840.64 1207.55 8522.31 94.0565 991.482 187.538 9.34848 89.2237 23.4927 189 15.411 8633.09 19.1421 8512.8 10.0838 173.589 167.153 10.2581 84.4648 8502.71 77.6046 27.0114 11.2354 15.9065
internal_count=85544 48811 44437 2023 1216 4374 42414 5205 36733 403 4273 807 40 383 101 813 66 37209 82 36692 43 747 720 44 363 36649 334 116 48 68
is_linear=0
shrinkage=0.1


Tree=4
num_leaves=31
num_cat=0
split_feature=2 7 1 3 3 4 4 2 10 0 0 4 4 0 8 2 0 9 8 10 10 0 1 7 2 9 1 10 9 2
split_gain=31565.3 5598.45 1285.86 1139.44 1221.25 431.747 464.845 80.7231 32.4724 31.1353 108.123 62.0311 53.1933 14.0584 9.67822 1.59751 0.727527 0.268342 1.19706 0.157214 0.471512 0.39718 0.139874 0.417168 0.0819909 0.0815564 0.090539 0.0796755 0.056708 0.0457155
threshold=46.500000000000007 1.0000000180025095e-35 14.500000000000002 21.500000000000004 26.500000000000004 14.500000000000002 15.500000000000002 48.500000000000007 0.00050904038298500004 78460.500000000015 78694.500000000015 19.500000000000004 27.500000000000004 77985.500000000015 7634.5000000000009 17.500000000000004 72017.500000000015 64.500000000000014 31470.500000000004 0.00097777554967380035 0.0012973202058237001 1954.5000000000002 16.500000000000004 5.5000000000000009 45.500000000000007 529.50000000000011 16.500000000000004 0.0018740391861241503 167.50000000000003 39.500000000000007
decision_type=2 2 2 2 2 2 2 2 2 2 2 2 2 2 2 2 2 2 2 2 2 2 2 2 2 2 2 2 2 2
left_child=1 3 5 -1 -5 14 19 25 -8 22 11 -11 -13 -6 -3 -10 -17 18 -12 29 -21 -22 23 -4 -24 -2 -27 -23 -16 -7
right_child=7 2 9 4 13 6 8 -9 15 10 17 12 -14 -15 28 16 -18 -19 -20 20 21 27 24 -25 -26 26 -28 -29 -30 -31
leaf_value=0.14927110323426249 -0.14927620728641119 -0.01377793055393025 0.1172967093035908 -0.14927155223601335 0.14930772105875681 0.14932902180055535 0.10924967696871 0.14927110323426249 -0.087364595889783792 0.1502893185571309 0.14998830075486477 -0.1496146329909229 0.1492960802452917 -0.022446728143380924 -0.14928211112368941 -0.15067920507190877 -0.11191689176513804 0.14936896443161429 0.095874419664294941 0.1131003608436164 0.12252404998120132 0.13832196439140446 0.14926372664367596 0.14976805061957457 0.13683028105175363 -0.16862194736012071 -0.14926180005586781 0.14976535239625341 -0.16025057171187679 0.15972455498886273
leaf_weight=197.46598824858665 8104.296028226614 5.4107721447944632 5.4531326889991769 1052.1231735348701 159.02440744638443 105.29601980745792 5.3391847163438788 9.0661875903606397 4.5597764849662772 15.7848774343729 18.429977297782902 28.586276650428772 7.5195957124233237 4.9128419011831275 168.72745797038078 75.713649719953537 5.1728707402944556 164.84383890032768 5.2530679404735556 4.7003475278615943 6.5608981102704993 6.8771960437297812 8667.4449602663517 14.415882468223572 5.3069911897182456 4.6009150445461255 5.0855828076601028 52.777429133653641 4.8490712642669669 4.4073526412248603
leaf_count=893 36649 23 24 4758 719 476 23 41 20 71 83 129 34 21 763 341 22 745 23 21 29 31 39195 65 24 20 23 238 21 19
internal_value=-4.00569e-05 0.111995 0.139943 -0.0735344 -0.109714 -0.0249191 0.0545909 -0.148954 -0.130004 0.148255 0.112756 -0.0150698 -0.0873619 0.144161 -0.145483 -0.144954 -0.1482 0.147939 0.137985 0.147375 0.143705 0.145878 0.149237 0.140856 0.149256 -0.149287 -0.158458 0.148446 -0.149589 0.149747
internal_weight=18920 10797 9383.43 1413.53 1216.06 450.392 271.405 8123.05 90.7855 8933.04 240.418 51.8907 36.1059 163.937 178.987 85.4463 80.8865 188.527 23.683 180.619 70.9159 66.2155 8692.62 19.869 8672.75 8113.98 9.6865 59.6546 173.577 109.703
internal_count=85544 48811 42420 6391 5498 2027 1220 36733 406 40393 1085 234 163 740 807 383 363 851 106 814 319 298 39308 89 39219 36692 43 269 784 495
is_linear=0
shrinkage=0.1


Tree=5
num_leaves=31
num_cat=0
split_feature=2 5 1 4 4 7 3 3 9 2 4 9 6 1 3 4 3 2 9 9 2 9 8 9 1 3 8 9 2 9
split_gain=27143.2 5846.45 1102.88 374.91 409.959 316.668 220.396 582.409 135.52 66.1399 46.3642 31.5054 22.4112 10.7747 1.25976 0.896733 5.03539 0.135738 0.121967 0.311488 0.0709945 0.0537934 0.107991 0.0423596 0.057307 0.0206545 0.0324283 0.0134099 0.0130716 0.00536493
threshold=46.500000000000007 57508.500000000007 14.500000000000002 14.500000000000002 15.500000000000002 1.0000000180025095e-35 21.500000000000004 26.500000000000004 73.500000000000014 48.500000000000007 25.500000000000004 85.500000000000014 1728.4701429869008 3.5000000000000004 26.500000000000004 40.500000000000007 28.500000000000004 18.500000000000004 103.50000000000001 101.50000000000001 45.500000000000007 85.500000000000014 8022.5000000000009 529.50000000000011 16.500000000000004 26.500000000000004 8085.5000000000009 187.50000000000003 20.500000000000004 85.500000000000014
decision_type=2 2 2 2 2 2 2 2 2 2 2 2 2 2 2 2 2 2 2 2 2 2 2 2 2 2 2 2 2 2
left_child=1 2 3 13 14 6 -4 -8 10 23 28 -6 29 27 -5 17 -17 -13 19 21 -7 22 -16 -2 -25 -19 -27 -1 -3 -10
right_child=9 8 5 4 11 20 7 -9 12 -11 -12 15 -14 -15 18 16 -18 25 -20 -21 -22 -23 -24 24 -26 26 -28 -29 -30 -31
leaf_value=-0.1424359302446194 -0.14244212868119074 -0.14466032241889656 0.14243896239563247 0.085135028129770113 0.10105004413844854 0.14245265234515189 -0.14244009448078701 0.14251565192156057 0.14276187960569733 0.14243896239563247 0.14626076843158339 -0.15848686221346017 -0.091080172133918738 0.0052167590506751408 0.14461079476717284 -0.029083041489763012 -0.14234655487699738 -0.14309264869942837 0.14308715805673561 0.11991593168358461 0.13167540270471234 0.14264634810660756 0.12401891285276029 -0.15786300199342837 -0.14243132725499025 -0.14335345329130222 -0.15275913153710374 -0.14805498883899487 -0.14243920349311481 0.1460672077705609
leaf_weight=165.03050887584686 7667.8700361251831 27.338911354541779 189.09306001663208 4.0888633131980887 5.8539078384637824 8389.2066286951303 140.14791265130043 146.91308569908142 9.2306014448404365 8.1577758193016034 5.5951769948005667 8.3662005215883237 5.0767471790313712 5.0805114954709998 5.1105056256055814 4.6191809177398708 26.122939199209213 29.844268843531609 117.91694284975529 8.6224343925714475 6.1168153136968604 33.528047725558281 5.0768595486879349 4.1934204995632154 5.6472801715135574 7.9957561343908292 6.7686199694871902 4.359345316886901 859.70596566796303 10.492568925023077
leaf_count=789 36657 129 904 19 25 40102 670 702 44 39 26 37 23 21 24 21 125 142 561 41 29 160 24 19 27 38 31 20 4110 49
internal_value=-0.000151543 0.10656 0.130294 -0.0245386 0.0506522 0.137945 0.0586133 0.00339556 -0.134291 -0.142148 -0.140698 -0.123231 0.0962909 -0.138277 0.139987 -0.138914 -0.125328 -0.146798 0.141304 0.137287 0.142445 0.140713 0.134349 -0.142451 -0.149007 -0.144606 -0.147665 -0.142581 -0.142508 0.14452
internal_weight=17913.2 10227.3 9309.86 438.385 263.915 8871.48 476.154 287.061 917.44 7685.87 892.64 89.5709 24.7999 174.47 174.344 83.717 30.7421 52.9748 170.255 52.3378 8395.32 43.7154 10.1874 7677.71 9.8407 44.6086 14.7644 169.39 887.045 19.7232
internal_count=85608 48866 44485 2078 1248 42407 2276 1372 4381 36742 4265 419 116 830 829 394 146 248 810 249 40131 208 48 36703 46 211 69 809 4239 93
is_linear=0
shrinkage=0.1


Tree=6
num_leaves=31
num_cat=0
split_feature=2 5 1 4 4 8 0 2 6 9 9 5 5 2 8 9 2 5 5 5 0 9 10 10 6 2 2 2 2 10
split_gain=23537.6 5069.28 958.446 324.384 354.202 155.6 139.121 57.3587 31.3676 27.2195 19.3625 18.9468 83.3668 18.4549 10.7055 7.92618 17.456 91.0768 10.0731 51.8515 5.20559 5.0546 4.94203 23.6876 4.59284 3.57202 3.66164 3.36999 8.36511 3.03295
threshold=46.500000000000007 57508.500000000007 14.500000000000002 14.500000000000002 15.500000000000002 161.50000000000003 78694.500000000015 48.500000000000007 406.97047364100342 85.500000000000014 73.500000000000014 52811.003790466704 52812.999911979779 21.500000000000004 7634.5000000000009 64.500000000000014 20.500000000000004 2629.3905437976955 52811.003790466704 52812.999911979779 74100.500000000015 110.50000000000001 1.1972879150527949e-05 1.1000333539562494e-05 113.06519057096796 25.500000000000004 40.500000000000007 37.500000000000007 29.500000000000004 0.028683963886763305
decision_type=2 2 2 2 2 2 2 2 2 2 2 2 2 2 2 2 2 2 2 2 2 2 2 2 2 2 2 2 2 2
left_child=1 2 3 14 -5 11 10 -2 13 -6 -3 25 -13 -7 -1 16 -10 -18 27 -20 -11 -12 23 -15 -24 -4 29 28 -19 -27
right_child=7 6 5 4 9 8 -8 -9 15 20 21 12 -14 22 -16 -17 17 18 19 -21 -22 -23 24 -25 -26 26 -28 -29 -30 -31
leaf_value=0.0076885083291222929 -0.13681466113503715 -0.13683561391812654 0.13153962839147348 0.13415413411422525 0.093121662063747765 0.13406654068387214 0.12489212127799516 0.13680479350383121 0.13682899157112979 -0.13874864775857307 0.091449730001767593 -0.13704635607325136 0.068210104646432249 0.069003939105295439 -0.137188879945497 0.13681504193992844 0.13683496269782888 0.10582663436391571 -0.13680572236092853 0.063068474015962495 -0.023979334504009506 -0.060890718166443702 0.10292595069377253 -0.13680572236092853 0.029574244150686015 0.049696237572298817 0.11886114588831759 0.11192894381989971 0.018545778203863248 0.11628051588349771
leaf_weight=5.2693786323070517 7218.2192506343126 833.05257767438889 10.225580573081968 164.25453509390354 5.723920762538909 39.329700484871864 21.066607356071472 7.669487088918685 1044.0948682874441 74.949596881866455 4.2269352078437787 27.376821979880333 71.383986547589302 22.221467196941379 159.08324800431728 6413.3692574203014 459.13842888176441 20.844724670052528 16.519090533256531 60.568300157785416 4.1719942539930335 4.4931556880474091 20.648121580481529 7.472921907901763 14.552113443613051 52.505621686577797 11.995655626058577 17.305213838815689 23.204901799559593 7.8658915013074866
leaf_count=23 36703 4235 52 829 25 200 105 39 5308 376 20 139 363 113 807 32609 2334 106 84 308 18 21 105 38 74 267 61 88 118 40
internal_value=-0.000145589 0.102326 0.125119 -0.0234965 0.0484514 0.132486 -0.128932 -0.136524 0.134523 -0.117463 -0.135284 0.0408709 0.0113123 0.0800142 -0.132544 0.135228 0.129028 0.115398 0.0443021 0.0202373 -0.132697 0.0129541 0.0472555 0.0172097 0.0726017 0.0762157 0.0683984 0.0745375 0.059848 0.0583716
internal_weight=16842.8 9616.91 8754.08 413.453 249.1 8340.62 862.839 7225.89 8159.27 84.8455 841.773 181.354 98.7608 104.224 164.353 8055.04 1641.68 597.581 138.442 77.0874 79.1216 8.72009 64.8946 29.6944 35.2002 82.5927 72.3672 61.3548 44.0496 60.3715
internal_count=85608 48866 44485 2078 1248 42407 4381 36742 41485 419 4276 922 502 530 830 40955 8346 3038 704 392 394 41 330 151 179 420 368 312 224 307
is_linear=0
shrinkage=0.1


Tree=7
num_leaves=31
num_cat=0
split_feature=2 5 1 4 4 7 3 3 9 2 4 9 5 1 10 3 4 3 9 10 10 9 10 2 3 3 5 5 9 9
split_gain=20510.5 4412.71 835.177 282.094 307.682 260.314 189.667 477.206 103.84 50.0245 35.449 27.1718 25.4841 9.89684 6.46526 1.40476 0.343373 1.30481 0.285099 0.136963 0.863022 0.0986448 0.128796 0.0718221 0.0401645 0.126369 0.0357401 0.0721419 0.0254807 0.0224314
threshold=46.500000000000007 57508.500000000007 14.500000000000002 14.500000000000002 15.500000000000002 1.0000000180025095e-35 21.500000000000004 26.500000000000004 73.500000000000014 48.500000000000007 25.500000000000004 81.500000000000014 57509.500000000007 3.5000000000000004 0.00084177133286085016 26.500000000000004 40.500000000000007 30.500000000000004 102.50000000000001 0.012100169262064151 0.014405778490761101 85.500000000000014 2.5054744131673169e-05 45.500000000000007 26.500000000000004 28.500000000000004 52812.999911979779 52811.003790466704 187.50000000000003 529.50000000000011
decision_type=2 2 2 2 2 2 2 2 2 2 2 2 2 2 2 2 2 2 2 2 2 2 2 2 2 2 2 2 2 2
left_child=1 2 3 13 15 6 -4 26 10 29 -3 -6 -10 28 -13 -5 18 -18 -16 21 -21 22 -17 -7 -20 -26 27 -8 -1 -2
right_child=9 8 5 4 11 23 7 -9 12 -11 -12 14 -14 -15 16 19 17 -19 24 20 -22 -23 -24 -25 25 -27 -28 -29 -30 -31
leaf_value=-0.13208455349636072 -0.13210098125822706 -0.13217137161875459 0.13415030732366492 0.069056961980908951 0.15140400517429745 0.13210894733800982 -0.13859541456766275 0.13334499663318042 -0.14755763244797968 0.1320989464500458 0.13532450189718259 0.0016948571733243279 0.13538392268393815 0.010751302992344287 -0.16315575365371193 0.13328237931754341 -0.067471196501245473 -0.13195534659030045 -0.13240263276054895 0.079702580965618039 0.13335863489580219 0.13254930316657382 0.10772972353960385 0.12061654563216173 -0.15042623047435641 -0.13236292709823577 -0.13884323912831872 -0.13279051151207943 -0.14015225480468979 -0.13716748469254345
leaf_weight=145.09760980308056 6743.1081749945879 780.21104268729687 171.46382111310959 3.788798213005065 3.7175309658050528 7377.6337032020092 38.137651994824409 131.51532627642155 3.8362086117267635 7.1739218384027472 4.9858162701129904 3.7992423921823493 18.703089356422424 4.9982424974441519 3.9094478338956824 4.1121916472911826 3.6445610672235516 22.572865962982178 25.283832430839539 3.7363297492265728 15.163085952401159 123.44012013077736 3.7910885363817215 5.4419798403978339 5.9588723927736291 11.064270406961441 43.666532307863235 48.80813193321228 4.0233685970306388 8.7498805820941907
leaf_count=789 36657 4239 904 19 17 40102 190 702 18 39 26 18 98 21 18 22 18 123 137 20 81 667 20 29 28 60 217 263 20 46
internal_value=-0.000143588 0.098614 0.120569 -0.022615 0.0465778 0.127678 0.0523744 -0.00111721 -0.124398 -0.131827 -0.130473 -0.112589 0.087227 -0.127663 -0.125463 0.129194 -0.132133 -0.122991 -0.137318 0.130711 0.122751 0.131856 0.121025 0.1321 -0.134931 -0.138686 -0.136509 -0.135337 -0.132302 -0.132108
internal_weight=15771.5 9012.5 8204.77 388.101 233.982 7816.67 433.591 262.128 807.736 6759.03 785.197 79.9506 22.5393 154.119 76.2331 154.032 72.4339 26.2174 46.2164 150.243 18.8994 131.343 7.90328 7383.08 42.307 17.0231 130.612 86.9458 149.121 6751.86
internal_count=85608 48866 44485 2078 1248 42407 2276 1372 4381 36742 4265 419 116 830 402 829 384 141 243 810 101 709 42 40131 225 88 670 453 809 36703
is_linear=0
shrinkage=0.1


Tree=8
num_leaves=31
num_cat=0
split_feature=3 6 3 1 5 4 3 5 5 6 6 4 4 4 3 8 8 1 0 9 9 0 8 9 8 5 8 4 9 0
split_gain=13103.4 4752.46 4595.36 576.12 286.645 285.728 172.231 90.0931 80.604 62.6695 42.6434 13.142 18.9187 7.73429 7.4946 20.6543 15.7138 4.66318 0.216193 0.757973 0.0879136 0.149951 0.0471835 0.0422423 0.0415803 0.0399694 0.0318388 0.0279332 0.0186961 0.0166277
threshold=26.500000000000004 80.513055909990939 20.500000000000004 14.500000000000002 2629.3905437976955 14.500000000000002 27.500000000000004 57508.500000000007 57509.500000000007 57508.500000000007 57509.500000000007 16.500000000000004 39.500000000000007 21.500000000000004 22.500000000000004 7634.5000000000009 7598.5000000000009 5.5000000000000009 1954.5000000000002 117.50000000000001 85.500000000000014 22828.500000000004 35114.500000000007 293.50000000000006 3024.5000000000005 2629.3905437976955 54.500000000000007 38.500000000000007 125.50000000000001 78694.500000000015
decision_type=2 2 2 2 2 2 2 2 2 2 2 2 2 2 2 2 2 2 2 2 2 2 2 2 2 2 2 2 2 2
left_child=2 4 25 5 -2 17 11 9 22 -5 -11 18 -13 -8 24 16 -16 28 19 -7 21 -20 -9 -6 26 -1 -4 -15 -3 -10
right_child=1 3 14 7 23 6 13 8 29 10 -12 12 -14 27 15 -17 -18 -19 20 -21 -22 -23 -24 -25 -26 -27 -28 -29 -30 -31
leaf_value=0.12813428442334157 -0.12812703323421756 -0.12811271337416485 -0.12812703323421756 0.12815266147760251 0.12858970556813076 0.075840083859418345 0.014222269990516756 -0.12906141456833828 0.13644373747271177 -0.1284940701377851 0.12891193609483401 -0.10961849048949615 0.15791420668614575 -0.1370860891014494 -0.12944788426218354 -0.12866501862764773 0.12812683891412333 -0.012654340921272112 0.12974566975851312 0.12960793949428154 0.12832665886040492 0.10269911993771233 -0.13939707907792961 0.1390109108031676 -0.1281785938817393 0.12989523590838256 -0.1314983775896561 -0.12811502618429668 -0.13484056155332028 0.12957953415303641
leaf_weight=624.93612912297249 931.02643737196922 122.46847912669182 47.973390221595764 6322.0017273128033 40.961632698774338 3.7038438171148291 4.1994956135749808 19.89198170602322 4.4422552138566997 16.02880018949509 10.753961369395254 5.8570196330547315 4.8172549456357956 3.8831195682287207 3.6690374016761762 27.785227581858635 6.6819817721843719 3.5828816741704932 4.5903366357088071 8.9750673472881299 115.40186293423176 3.7038566321134567 5.6774938851594916 4.2977726310491553 6061.4816593229771 162.38637153804302 67.323676496744156 32.689265385270119 4.2746398299932471 17.165991127490997
leaf_count=3647 5434 715 280 36882 237 21 20 115 23 93 62 26 22 20 21 161 39 15 26 51 671 21 29 23 35353 917 372 191 23 98
internal_value=-0.000139254 0.0899734 -0.0991078 0.11995 -0.11618 -0.0113915 0.0675501 0.126483 -0.0111967 0.127506 -0.025139 0.117973 0.0111179 -0.114309 -0.127942 -0.083747 0.0368265 -0.125159 0.126337 0.113901 0.127612 0.117668 -0.131356 0.129579 -0.128214 0.128497 -0.130096 -0.129068 -0.12834 0.130991
internal_weight=14692.6 7690.4 7002.24 6714.11 976.286 318.147 187.821 6395.96 47.1777 6348.78 26.7828 147.049 10.6743 40.7719 6214.91 38.1362 10.351 130.326 136.375 12.6789 123.696 8.29419 25.5695 45.2594 6176.78 787.323 115.297 36.5724 126.743 21.6082
internal_count=85608 44818 40790 39124 5694 1822 1069 37302 265 37037 155 838 48 231 36226 221 60 753 790 72 718 47 144 260 36005 4564 652 211 738 121
is_linear=0
shrinkage=0.1


end of trees

feature_importances:
frame.len=37
ip.src=35
frame.number=32
ip.dst=32
tcp.srcport=28
ip.ttl=25
_ws.col.protocol=20
_ws.col.info=20
frame.time_delta_displayed=20
tcp.dstport=15
tcp.flags=6

parameters:
[boosting: gbdt]
[objective: binary]
[metric: auc,binary_logloss]
[tree_learner: serial]
[device_type: cpu]
[data_sample_strategy: bagging]
[data: ]
[valid: ]
[num_iterations: 500]
[learning_rate: 0.1]
[num_leaves: 31]
[num_threads: 0]
[seed: 42]
[deterministic: 0]
[force_col_wise: 0]
[force_row_wise: 0]
[histogram_pool_size: -1]
[max_depth: -1]
[min_data_in_leaf: 20]
[min_sum_hessian_in_leaf: 0.001]
[bagging_fraction: 0.8]
[pos_bagging_fraction: 1]
[neg_bagging_fraction: 1]
[bagging_freq: 5]
[bagging_seed: 400]
[bagging_by_query: 0]
[feature_fraction: 0.8]
[feature_fraction_bynode: 1]
[feature_fraction_seed: 30056]
[extra_trees: 0]
[extra_seed: 12879]
[early_stopping_round: 50]
[early_stopping_min_delta: 0]
[first_metric_only: 0]
[max_delta_step: 0]
[lambda_l1: 0]
[lambda_l2: 0]
[linear_lambda: 0]
[min_gain_to_split: 0]
[drop_rate: 0.1]
[max_drop: 50]
[skip_drop: 0.5]
[xgboost_dart_mode: 0]
[uniform_drop: 0]
[drop_seed: 17869]
[top_rate: 0.2]
[other_rate: 0.1]
[min_data_per_group: 100]
[max_cat_threshold: 32]
[cat_l2: 10]
[cat_smooth: 10]
[max_cat_to_onehot: 4]
[top_k: 20]
[monotone_constraints: ]
[monotone_constraints_method: basic]
[monotone_penalty: 0]
[feature_contri: ]
[forcedsplits_filename: ]
[refit_decay_rate: 0.9]
[cegb_tradeoff: 1]
[cegb_penalty_split: 0]
[cegb_penalty_feature_lazy: ]
[cegb_penalty_feature_coupled: ]
[path_smooth: 0]
[interaction_constraints: ]
[verbosity: 1]
[saved_feature_importance_type: 0]
[use_quantized_grad: 0]
[num_grad_quant_bins: 4]
[quant_train_renew_leaf: 0]
[stochastic_rounding: 1]
[linear_tree: 0]
[max_bin: 255]
[max_bin_by_feature: ]
[min_data_in_bin: 3]
[bin_construct_sample_cnt: 200000]
[data_random_seed: 175]
[is_enable_sparse: 1]
[enable_bundle: 1]
[use_missing: 1]
[zero_as_missing: 0]
[feature_pre_filter: 1]
[pre_partition: 0]
[two_round: 0]
[header: 0]
[label_column: ]
[weight_column: ]
[group_column: ]
[ignore_column: ]
[categorical_feature: ]
[forcedbins_filename: ]
[precise_float_parser: 0]
[parser_config_file: ]
[objective_seed: 16083]
[num_class: 1]
[is_unbalance: 0]
[scale_pos_weight: 1]
[sigmoid: 1]
[boost_from_average: 1]
[reg_sqrt: 0]
[alpha: 0.9]
[fair_c: 1]
[poisson_max_delta_step: 0.7]
[tweedie_variance_power: 1.5]
[lambdarank_truncation_level: 30]
[lambdarank_norm: 1]
[label_gain: ]
[lambdarank_position_bias_regularization: 0]
[eval_at: ]
[multi_error_top_k: 1]
[auc_mu_weights: ]
[num_machines: 1]
[local_listen_port: 12400]
[time_out: 120]
[machine_list_filename: ]
[machines: ]
[gpu_platform_id: -1]
[gpu_device_id: -1]
[gpu_use_dp: 0]
[num_gpu: 1]

end of parameters

pandas_categorical:[]
